HIDDEN LAYER COUNT h VARIATION
==============================

h = 1
-----
Step	NTK metric	Parameter perturbation L2 norm
0	0.022743960630063922	0.023089502142014429
1	0.022871340974886523	0.022860585050676899
2	0.022813562721594183	0.022755145071754961
3	0.021608236520964219	0.021530292757853887
4	0.020450868947398781	0.020366609323205068
5	0.018843585368089499	0.018758494926134427
6	0.017735703007510928	0.017646249746716261
7	0.01525727222361728	0.015169918184587131
8	0.014082224517878328	0.014008045563117494
9	0.01264036621842235	0.012569579460890882
10	0.011698559062203295	0.011612643081765862
11	0.010629955076855824	0.010575138578652806
12	0.0090645268492313136	0.009023831716238646
13	0.008658069747172481	0.0086131446255325161
14	0.007302269692380986	0.0072669394189103197
15	0.0068524835753815683	0.0068240470261312913
16	0.0059425367630492748	0.005909790990750321
17	0.0050816914714171407	0.0050581394134115963
18	0.0047299454678605968	0.0047119006129859821
19	0.0041868568672713824	0.0041696686949076163
20	0.0035271536036174528	0.0035080664770037523
21	0.0030914723488027068	0.0030777060609910407
22	0.0028693043936750887	0.0028583028599308614
23	0.0023714918076230551	0.0023648828888831403
24	0.0020371951485953707	0.0020299424113795336
25	0.0017739819390502204	0.0017700262577658352
26	0.0016423771645529012	0.0016384376832035603
27	0.0016544767216789616	0.0016495173239123599
28	0.0013536114252744869	0.0013501944133347057
29	0.0011674202751182292	0.0011649607995271481
30	0.00091209643727390918	0.00091036401313184727
31	0.00096124033528506743	0.00095944628889885111
32	0.00076783172357163584	0.00076665269763985576
33	0.00073066985981182307	0.00072944542878171652
34	0.00064684792462436653	0.00064565280287646565
35	0.00064608692219998189	0.00064513425442234735
36	0.00060556070682934223	0.00060468575578608279
37	0.00045038605504455105	0.00044958316088578807
38	0.00045467896676030465	0.00045410776064162448
39	0.00034763913249580888	0.00034720011685303201
40	0.00035499251746567376	0.00035456119969613179
41	0.0002434396103654919	0.00024320775999270248
42	0.00021134104976818294	0.00021110011773384137
43	0.00023836787174750986	0.00023799557043631135
44	0.00015690584319404078	0.00015673394568399836
45	0.00026856361668830446	0.00026831441043663836
46	0.00015110728711013508	0.00015100597907106205
47	0.00022587609714751688	0.00022560949008260415
48	0.00016858667632437246	0.00016845421483398162
49	0.00019595195699531696	0.00019577296753142733

h = 3
-----
Step	NTK metric	Parameter perturbation L2 norm
0	0.023651287408840642	0.023663669226140195
1	0.022762695734645622	0.022709790280947491
2	0.021576856019404289	0.02148615224541742
3	0.02094362154054108	0.020815000776220116
4	0.018889077401761045	0.018740781986531944
5	0.017980623512598548	0.017816610800267071
6	0.016521378076263638	0.016351871859065444
7	0.014463830227989027	0.014310316644194149
8	0.013604346161178893	0.013452435096453301
9	0.011790311379460738	0.011657105603733089
10	0.010460340460341222	0.0103450129272289
11	0.009804535530876457	0.009696855883945971
12	0.0083241803273611525	0.0082353573507104802
13	0.0071208436251948004	0.0070475731634071573
14	0.0068751513017738797	0.0068054750617718021
15	0.0058246483662562354	0.005769332487093398
16	0.0050418065090473418	0.0049962479020739777
17	0.0043474994102305903	0.0043105265491734709
18	0.0036586379684846321	0.0036295498205962868
19	0.0033534579015384522	0.003328292737379493
20	0.00335230930990741	0.0033275492335869006
21	0.0023820207360331497	0.0023668655277642487
22	0.0019988349520432651	0.0019869745370868566
23	0.0018358771808481694	0.0018254810583121417
24	0.0015970554771388284	0.0015886245344167776
25	0.0013308519838162115	0.0013244301967807468
26	0.0013857955666014433	0.0013790677723495145
27	0.0010116273191147515	0.0010073588531941836
28	0.0007511931802083446	0.0007484923370817577
29	0.00067326458752552446	0.00067096144478793356
30	0.00062896116316851704	0.00062692323732566426
31	0.00053352941155220684	0.00053193378048325957
32	0.00055977871897025522	0.00055810496592030763
33	0.00049266884807654913	0.00049129754828492887
34	0.00047242478065182328	0.00047118016367305295
35	0.00026901012394817418	0.00026844510786095684
36	0.00029776500723718824	0.00029713799346193462
37	0.0003527121812807166	0.00035192819774933307
38	0.00033339057834959459	0.00033271411739325534
39	0.00043132067761355555	0.00043036905149218345
40	9.5217767869926206e-05	9.5105247154227699e-05
41	0.00016292051156971854	0.00016267632892225112
42	0.00017775744758243104	0.00017751505063430832
43	0.00035330377145666083	0.00035267585176812098
44	0.00012650949528994265	0.00012635987367132069
45	0.00021444724219224934	0.00021415626621899261
46	9.9158172182572035e-05	9.9048657967460143e-05
47	0.00019336047641962595	0.00019312732840329273
48	0.00013192116884480431	0.00013178349288924017
49	6.5334915579597037e-05	6.5280265179052923e-05

h = 5
-----
Step	NTK metric	Parameter perturbation L2 norm
0	0.026623297172588253	0.026582923329320648
1	0.025608966128977145	0.025516278555177657
2	0.024608327674034439	0.024472708132963237
3	0.02243629470028724	0.022281856716964504
4	0.020063184819885532	0.019904548767336581
5	0.018418629576024942	0.018258781493675644
6	0.015584876672445458	0.015446807635097797
7	0.015026663875668242	0.014884592771926631
8	0.012408135500423828	0.012294123222326063
9	0.011060007336680978	0.010959180286666878
10	0.0093321522967128798	0.0092510736228765614
11	0.0080293362290177681	0.0079627019669344309
12	0.0068090945820516932	0.0067557260886289125
13	0.0056554513564987911	0.0056143315805408742
14	0.0049650965515033937	0.004930672272092442
15	0.0039742261361079435	0.0039493721414396235
16	0.0034770959776802566	0.0034566181814558406
17	0.003224507809093185	0.0032059318118902208
18	0.0025249193602882199	0.0025120029422692389
19	0.0022388556581369066	0.0022279900101505653
20	0.0017746315215888169	0.0017669169989753661
21	0.0015040106696327642	0.0014980027889593965
22	0.0012682121983633666	0.0012635421328232464
23	0.0012163868295567161	0.0012119877866005422
24	0.0008213946649436464	0.00081896549085657636
25	0.00069589958587050211	0.00069400193548276295
26	0.00063731771526124421	0.00063565056250112768
27	0.00052935523611855593	0.00052809387894948176
28	0.00043607382420202194	0.00043512207635607703
29	0.00050274240727793905	0.0005016080890025065
30	0.00027102415990265186	0.00027056168319379738
31	0.00039850265614079416	0.0003977124443038488
32	0.00022063898925080936	0.00022030842572310277
33	0.00019608785784407942	0.00019580676092813146
34	0.00012109804867256	0.00012096380774261532
35	0.00020344285268409826	0.00020317794480446657
36	0.00016648533488502177	0.00016628356038135913
37	7.0332744432390044e-05	7.0275669963727901e-05
38	5.1867881531333346e-05	5.1829484756860149e-05
39	0.00011995241881243893	0.00011983841651012385
40	9.0440020167047565e-05	9.0363226380254781e-05
41	0.00014800315288721229	0.00014785262576641486
42	5.0931773354984724e-05	5.0897925396039871e-05
43	3.7165193628355646e-05	3.7144792885877074e-05
44	9.9004297808581157e-05	9.8929316275532241e-05
45	4.2793586350176415e-05	4.2769430722818343e-05
46	6.6192842633178909e-05	6.6145231507245338e-05
47	6.844210019179489e-05	6.8402283053155906e-05
48	3.2502841289849974e-05	3.2489126687247708e-05
49	6.7171763011118546e-05	6.7129406767927339e-05

h = 10
----------------------------------------
Step	NTK metric	Parameter perturbation L2 norm
0	0.024300994756239182	0.024339241133532096
1	0.024569780284724192	0.024558484762544831
2	0.024503549955120205	0.024436704822972555
3	0.023178868240548378	0.023074901659592091
4	0.021468064189637016	0.021336337013732196
5	0.019505179547213446	0.01936282708129371
6	0.018043976887984765	0.017894704404242685
7	0.016523496455502436	0.016375333834508041
8	0.014214835629625451	0.014085866293101889
9	0.012594046336574658	0.012477232629882122
10	0.011714469280766924	0.011604596101186384
11	0.009744472131797844	0.0096562826074708466
12	0.0089070571943163125	0.008827791146437388
13	0.0072240347692152998	0.007164241909296069
14	0.0066024830389865181	0.0065493020138883036
15	0.0057592971198797572	0.0057151742188842891
16	0.005092233423989314	0.0050549456382929046
17	0.0043246850710963493	0.0042950460730749838
18	0.0034695478019932998	0.0034480600459728971
19	0.0033324226886764828	0.003312243209654005
20	0.0026705904461399839	0.0026558912562898826
21	0.002452599670450039	0.0024396911513050474
22	0.0018818841992104345	0.0018731146839260388
23	0.0015022626528905156	0.0014959763252529951
24	0.001429916515712561	0.001424097625592465
25	0.00099570634953261667	0.0009922954856916937
26	0.0011251485273285258	0.001121093570475894
27	0.00088747166241158275	0.00088464206091398386
28	0.00068065466161613421	0.00067872855490547278
29	0.00065001303720845947	0.00064825201878054048
30	0.00048780688756268039	0.00048664915104735694
31	0.00052694984449047091	0.0005256837298087591
32	0.00042805978949760548	0.00042711606380198437
33	0.00038671600593111492	0.00038592591431796283
34	0.00030810584262103358	0.00030753353306054549
35	0.0002122559944890991	0.00021193134311953206
36	0.00015706933318965959	0.00015686161656450011
37	0.00029003303574513318	0.00028954614693857286
38	0.00020234522017266644	0.00020205629936217772
39	0.00016235672101069746	0.00016214165424121489
40	0.00015024034072246066	0.00015006207646227273
41	0.00015794761574188375	0.00015775914266668719
42	0.00012341299070156423	0.00012327709164818148
43	0.00018027505746837568	0.00018006271959710885
44	6.7162852731498238e-05	6.7111890070209229e-05
45	7.2603894653499405e-05	7.2545601003771711e-05
46	8.705282101587961e-05	8.6980338014723224e-05
47	8.0465068229542997e-05	8.0405932653250636e-05
48	6.723483527702936e-05	6.718280529682187e-05
49	4.3529281619135641e-05	4.3506300505428734e-05

h = 20
------
Step	NTK metric	Parameter perturbation L2 norm
0	0.02299170371122718	0.022981948865624748
1	0.021951959279876164	0.021905651768732399
2	0.02168706324989348	0.021606189089764773
3	0.020346721224901561	0.020242767483413374
4	0.018343357814971338	0.018231044658476459
5	0.017119525710168608	0.016999146762553242
6	0.015347326252170331	0.01523068447107077
7	0.014294082028547782	0.014177963480352034
8	0.012684061580210907	0.012578608307642685
9	0.011240329795151893	0.011146572342000831
10	0.010195224196841572	0.010109868289528704
11	0.0087894794780998195	0.0087180641791835996
12	0.0078245639230243753	0.0077624775843550837
13	0.0067472927476927092	0.0066961778535197351
14	0.0060687595546827944	0.006024079856351572
15	0.0053157725062770072	0.0052785090872681578
16	0.0045544783331316844	0.0045244095059744829
17	0.0040020462241617278	0.0039769881508298754
18	0.0033437430639963826	0.0033243747539838655
19	0.0029944724690702863	0.0029778930798091182
20	0.0024073932225309293	0.0023953667379122434
21	0.0021710898087511994	0.0021607278102657819
22	0.0017267582554412635	0.0017193705111520823
23	0.0015776138520141015	0.0015711360238089805
24	0.0014163339945002422	0.0014108458322646105
25	0.0011138040691179027	0.0011099507949039853
26	0.00096801322500632086	0.00096489359719371839
27	0.00073393606266179581	0.00073185967149712403
28	0.00063653810000418763	0.00063485820743415544
29	0.00054722165233588526	0.00054588212732458157
30	0.00044241572530225449	0.00044144269743650932
31	0.00057365941797655269	0.00057226140922236283
32	0.00041823181168241711	0.00041735225135796532
33	0.00030861283577463265	0.0003080568739424126
34	0.00030653528668935398	0.00030599264354274486
35	0.00026694430486900002	0.00026649870985930669
36	0.00015352630023184022	0.00015332911232153267
37	0.00016604658985512017	0.00016582772558794599
38	0.00026891162303935458	0.00026848842922035663
39	0.00015801884741072536	0.00015781953720408543
40	8.2472183507026366e-05	8.2394791748203672e-05
41	6.4602171180797269e-05	6.4552042541427793e-05
42	0.00012464411302020347	0.00012451361662280512
43	0.00017060943176590166	0.00017040764382746066
44	0.00013796637874730674	0.00013782012628332638
45	0.00010547357075400548	0.00010537843986482976
46	9.1786877619914992e-05	9.1710852021622771e-05
47	2.3808784344475226e-05	2.3797173881757099e-05
48	2.9350590800227874e-05	2.9341344062542551e-05
49	2.243050648085924e-05	2.2420296938580494e-05