EMPIRICAL SAMPLE COUNT n VARIATION
==================================

n = 1
-----
Step	NTK metric	Parameter perturbation L2 norm
0	0.026443553550924023	0.026619660701212505
1	0.024501707314983419	0.024600259850061878
2	0.02459049962550108	0.02462782289470089
3	0.024030065874483746	0.024004241426253403
4	0.02311378719332231	0.023038852319729294
5	0.022425227572189118	0.022305942074640286
6	0.020714079527421561	0.020568044369416925
7	0.019159577944359227	0.018998125937889486
8	0.017542488982149895	0.017375510227423376
9	0.01640864984066407	0.016239606184361797
10	0.01423232724548262	0.014082140607699436
11	0.013020591383950638	0.012879821821173207
12	0.012055177112745695	0.011922888894157539
13	0.01095377993870375	0.010833957912744999
14	0.0099080514850246222	0.0098011597308324348
15	0.0086945178667057563	0.0086042290017615854
16	0.0077150490795495335	0.0076380660214874115
17	0.0064793509909225871	0.0064189426652200314
18	0.0056123613009828321	0.0055630879994980325
19	0.0050448839315475778	0.0050026167416836699
20	0.0044688413017683658	0.0044332870062692084
21	0.0036831454097893796	0.0036563635779813747
22	0.0032814531788138541	0.0032589243088988074
23	0.0027656701831142694	0.0027482333826745631
24	0.0024061614285565379	0.0023919762948924092
25	0.0021001931480673199	0.0020886458310227602
26	0.001707514063241212	0.0016990221648155741
27	0.0016870295331612691	0.0016787710637569222
28	0.0011700113138576754	0.001165227987657811
29	0.0010097063983950331	0.0010058518746582543
30	0.00098470899133593624	0.00098105754393128675
31	0.00071184962938958393	0.00070958523965612978
32	0.00058303853180317932	0.00058136703238569629
33	0.00065558563139498077	0.00065363521705363078
34	0.00038035468551705757	0.00037949536529872626
35	0.00034362030502541567	0.00034286555316812343
36	0.00035072692822790929	0.00034998651278952736
37	0.00021707662524751218	0.00021670312175859485
38	0.00020062919396645571	0.00020029657946539118
39	0.00018787131031882114	0.00018757973308473314
40	0.00027222989935591247	0.00027174377620591076
41	0.00020909948429715869	0.00020876730808177908
42	0.00017433400978476748	0.00017409032869064681
43	9.3898185317409246e-05	9.379284864852286e-05
44	5.0495084648021018e-05	5.0453770532701534e-05
45	0.00011249333176251904	0.00011235940004432172
46	7.9744830627758294e-05	7.9669434445778396e-05
47	9.3583145654909305e-05	9.3486201905970993e-05
48	0.00011406441989417801	0.00011393847592644572
49	6.6115131079323543e-05	6.6059232213992459e-05

n = 5
---------------------------------------
Step	NTK metric	Parameter perturbation L2 norm
0	0.02585308326813374	0.025884171011710769
1	0.024654638867596584	0.02463648527771593
2	0.023467071434642744	0.023401842933818202
3	0.021659077379783176	0.021562134832239725
4	0.01974783737771546	0.019631197285480996
5	0.018774381377517274	0.018637750719834593
6	0.017298144546286559	0.017155911195665924
7	0.01539089494159912	0.015256008866993217
8	0.014035247295044184	0.013904361435751184
9	0.012186737205750989	0.012071442987036021
10	0.011003508080595553	0.010898794908080201
11	0.0097233336768825646	0.009630817076983109
12	0.0084118649747009361	0.0083343395260744614
13	0.0074580619886757266	0.0073911038908933656
14	0.0068209105719520269	0.0067605059509798409
15	0.0058411723870617285	0.0057925742333673766
16	0.0050722904723882745	0.0050320659229825294
17	0.0043788186280443939	0.0043460285861253384
18	0.0036445477605200755	0.0036193327418353872
19	0.0034145686276651713	0.0033915520170171034
20	0.0027014353481400904	0.0026851229371606328
21	0.0022868708594566923	0.002274047148479454
22	0.0020607547806144521	0.0020497309602061785
23	0.0017214247873977599	0.0017130398415702618
24	0.001434430936801684	0.0014279878599689261
25	0.0011344293092419282	0.0011298749139435746
26	0.0010922253218467026	0.0010879886921401185
27	0.00083304816596042799	0.00083020476477138768
28	0.00071428048934596118	0.00071204721860819876
29	0.0006871887909168312	0.00068514127263954658
30	0.00048232104753401033	0.00048106013841334465
31	0.00050751341907717077	0.00050618645176595575
32	0.00037019448958995312	0.00036936088410646409
33	0.0003067358691797961	0.00030611541517247255
34	0.00022893885319484055	0.00022852960273692669
35	0.00031589313668987191	0.00031526201569565058
36	0.00018738288119355968	0.00018708356610251407
37	0.00017454493818811834	0.00017428622700447257
38	0.00015608567271694815	0.00015587028750027539
39	9.0546680712031986e-05	9.0448143591107265e-05
40	6.9168724870972029e-05	6.9102217651812429e-05
41	0.00011669473137058484	0.00011656023041956713
42	0.0001418427229074094	0.00014165764642091948
43	6.9083076005323511e-05	6.9023265019175177e-05
44	6.4255862388398256e-05	6.419974394666317e-05
45	5.8206712131604382e-05	5.8165224523476989e-05
46	7.4701257584751802e-05	7.4639926487328088e-05
47	3.7245902696728998e-05	3.7221236764490631e-05
48	3.7962891112783905e-05	3.7939769639673597e-05
49	7.9471329949351653e-05	7.9398409768893636e-05


n = 10
------
Step	NTK metric	Parameter perturbation L2 norm
0	0.027380949039386891	0.027388522320817153
1	0.02729360943131956	0.02724836291387556
2	0.024709623052602159	0.02462566153292061
3	0.022439617334612305	0.022331773086530435
4	0.021658229764780823	0.021525370911252648
5	0.018919357175528173	0.018788404280473327
6	0.016960938771175826	0.016832709588493144
7	0.015053810987541993	0.014933915780631878
8	0.013749400741667195	0.013635373692720099
9	0.011955040268400774	0.011856109089871468
10	0.01084710481103171	0.010756775572958907
11	0.00907590482766224	0.0090035517328747646
12	0.008345529510435129	0.0082793325460370614
13	0.0067913954271059673	0.0067415324884178797
14	0.0058462303470279559	0.0058053615459850525
15	0.0049244483311686182	0.0048921761580919213
16	0.0044633725628032903	0.004435075175972995
17	0.0035549897921571261	0.0035345445976566209
18	0.0031941391533680356	0.0031765409210530796
19	0.0028201763094447599	0.0028054235053900953
20	0.0023304827233216882	0.0023193135254602755
21	0.0019607168135786909	0.0019520351658170716
22	0.0017589891708377793	0.001751587220146815
23	0.0012165794680861035	0.0012122976232728868
24	0.0013392775026531464	0.0013343517177771198
25	0.00098541349535472911	0.00098227731497483651
26	0.00076153625884667862	0.00075939412327068136
27	0.00067576618766396061	0.00067397290767993263
28	0.00054060986353743736	0.00053932448391297641
29	0.00051672967222497626	0.00051552751837296738
30	0.00043082720566370823	0.00042992039134116312
31	0.00041023265313321305	0.00040939059456219888
32	0.00024908109236102829	0.00024867577948695498
33	0.00024378294630165304	0.00024339338713350671
34	0.00019232315061561188	0.00019204952886156646
35	0.00027015755848432219	0.00026971610069004932
36	0.00020815237881812527	0.00020786103529226596
37	0.00010457950697571288	0.00010447168756544286
38	0.00019420445973332857	0.00019394780435422562
39	7.8402859531470019e-05	7.8332664689275471e-05
40	0.00010200638033759388	0.00010190681248370436
41	0.00012399535589681149	0.0001238729956454631
42	7.2057193901299901e-05	7.1996996619014129e-05
43	7.2217702705590781e-05	7.2159399240400368e-05
44	4.8793197990266914e-05	4.8761251513965568e-05
45	2.1160569544180485e-05	2.1150580894371314e-05
46	5.290004429134743e-05	5.2870930384679665e-05
47	0.00013662746724861291	0.00013649423864074722
48	7.9537650705632302e-05	7.948016802110318e-05
49	0.00016318155839360889	0.00016302749499762145

n = 20
------
Step	NTK metric	Parameter perturbation L2 norm
0	0.021908722926514145	0.021982887651976372
1	0.023755918203040193	0.023806963313786376
2	0.024388508689857195	0.02439803609106983
3	0.0257447671772775	0.025711479551950717
4	0.024158171610198648	0.024083935960068064
5	0.02326909872371985	0.023162251456256271
6	0.020282220575732174	0.020167600325721922
7	0.019251042972793217	0.019117491524449061
8	0.018026939054403224	0.017885404885036153
9	0.016046420646906909	0.015911714029846737
10	0.013688281970640634	0.013572544629162298
11	0.012237978288496792	0.012131958213856604
12	0.010216063257165411	0.010130941551998649
13	0.0089498759197697494	0.0088771943875030589
14	0.0079874219945246933	0.0079224932883241693
15	0.0070752611718046393	0.0070191514407932209
16	0.0060023623434129064	0.0059575888443457754
17	0.0049147624981934548	0.0048809872366558727
18	0.0041859150572567741	0.0041589266602542448
19	0.0033816770558282409	0.0033617938793823222
20	0.0032203893609572473	0.0032014281745199212
21	0.0026121218407052053	0.0025981880788762532
22	0.002215789902680277	0.0022048221517231982
23	0.0018102528206699851	0.0018020931970169241
24	0.0016373457286467021	0.0016302759041355625
25	0.0013726587531700538	0.0013672089578186893
26	0.0010692855632563445	0.0010655157711296397
27	0.00083802811913885004	0.00083541721249273107
28	0.00084966308860644907	0.00084698278374691701
29	0.0005985954504704699	0.00059701318074348547
30	0.00054428663458600066	0.00054290523630515599
31	0.00041894285652947392	0.00041801472258681967
32	0.00046682990800639987	0.00046574609866910051
33	0.00034011565082318684	0.00033944613036127752
34	0.00027108054339292624	0.00027059973539355026
35	0.00020984850734226141	0.00020952088396652618
36	0.00015390362342598699	0.00015369687883551238
37	0.00016560825757071083	0.0001653772542680185
38	0.00011572376162097567	0.00011558958945289046
39	7.817506284266723e-05	7.8101084590897997e-05
40	7.5888409200906411e-05	7.5817428289050786e-05
41	5.8934134702950944e-05	5.8885146128445542e-05
42	3.3373073125430753e-05	3.3353011540677597e-05
43	7.9105616511648274e-05	7.9035826540758299e-05
44	6.9602631349173206e-05	6.9543072635191923e-05
45	3.3344755289348471e-05	3.3323983076979e-05
46	6.0406756212690243e-05	6.0368249521410412e-05
47	3.6298773883145646e-05	3.6277810493136044e-05
48	4.7927315626134255e-05	4.7896443944403263e-05
49	4.0418849288480246e-05	4.0397284120248487e-05

n = 30
---------------------------------------
Step	NTK metric	Parameter perturbation L2 norm
0	0.025896151055694393	0.025942430948832369
1	0.024977323423294628	0.024966364886618912
2	0.024175546755271463	0.024108687794286099
3	0.02234272763824911	0.022243071757670253
4	0.02190964289274927	0.021768500163049074
5	0.021418569515831112	0.021251069154508712
6	0.019129029826633961	0.01896042064587351
7	0.017881349027272397	0.017709734574680072
8	0.016869721543941396	0.016698655768173878
9	0.015287267040012445	0.015129639486402353
10	0.013957048213376816	0.013810011407650407
11	0.012688745572275048	0.01255555979176233
12	0.010862407343354932	0.010752855446331139
13	0.010271951373024994	0.01016914149382759
14	0.0090883341270848184	0.0090031162051124412
15	0.0072928061849403467	0.0072291278086270856
16	0.0066663716771822451	0.006610293831401404
17	0.005806713590789405	0.0057608696998932901
18	0.0048611353924932973	0.0048262819180297668
19	0.004539884701815074	0.004508243909503086
20	0.0035211957354185329	0.0034995294374412238
21	0.0031483129949615675	0.0031301819778630636
22	0.0026723704969552724	0.0026579394692330762
23	0.0022129471734707354	0.0022021298880400561
24	0.0020541725761605827	0.0020447482578739035
25	0.001750671491518165	0.0017431389341968178
26	0.0013233539388248217	0.0013184317491711061
27	0.0011953354952570418	0.0011911135425032963
28	0.0010138453417297168	0.0010106302984494841
29	0.00086590663836601288	0.00086327567902391516
30	0.00070090360350941378	0.00069901919089844868
31	0.00054319052158049053	0.00054191119861456279
32	0.00045883012870837693	0.00045786092826854714
33	0.00040874060913545333	0.00040791157715714375
34	0.00031845216356218083	0.00031788558786148471
35	0.00032709159907934446	0.00032650573202912215
36	0.00029016564122914085	0.00028968572141580131
37	0.00027307871675952625	0.00027263473247980902
38	0.00017120474759493631	0.00017099277783933262
39	0.00017922538287694874	0.00017901887884918264
40	0.00013237525148760925	0.00013222725281771412
41	0.00014273501830376769	0.00014256942067282204
42	0.00015438533035561501	0.00015421917935275941
43	4.7122157175777548e-05	4.7090567352115285e-05
44	6.7989911228843699e-05	6.795057833776464e-05
45	8.6944895486774183e-05	8.688086585929375e-05
46	5.0354210975584319e-05	5.0319375609205099e-05
47	4.65734396785442e-05	4.6543766738794524e-05
48	3.1053477502575866e-05	3.103789159322531e-05
49	4.2586231622758098e-05	4.256038847553892e-05